1100167550	1	40	41040	8
1558933439	2	11	21437	3
624084915	5	25	34260	0
1144041938	6	13	18439	1
1746287146	5	36	61294	7
328955399	3	30	54836	7
813738898	6	33	44694	2
99662467	1	8	15007	7
668649371	3	26	47602	2
1852195220	7	38	49559	3
1405803095	5	13	21067	8
897067231	6	29	49175	6
1667949311	2	50	93039	7
1130653066	3	47	50668	2
88042551	5	12	12360	3
935706080	2	32	50034	2
391619162	3	45	49507	5
1433435858	3	34	47135	8
1038263827	1	42	76852	2
245177020	3	23	33154	7
1930813082	2	32	37570	4
1843886907	6	45	66257	0
197929793	1	45	77030	1
423104815	1	39	48840	0
265394046	5	38	55690	5
1045029523	1	18	27117	8
1038353836	4	41	75392	4
289941497	6	17	32690	0
935161044	3	25	37737	5
666276628	3	48	76493	2
893711880	5	18	24486	8
638473848	3	22	39838	3
1603825415	1	18	25962	7
1337738800	2	1	1806	1
1194997033	3	11	16703	5
1732518286	5	29	38403	5
105971992	3	2	3953	1
1456545655	3	2	3399	3
290281531	4	8	7656	3
237316234	3	35	57915	6
1108438377	5	35	64884	4
1392179218	4	12	15074	5
1718189370	2	4	7559	8
1747167234	4	36	64465	1
183392947	2	48	70818	2
1068706871	6	46	86336	8
53274790	6	47	57681	2
309388448	3	44	82232	1
750812603	1	2	2112	3
1772804832	4	16	21716	2
1865224077	1	45	72383	2
1033425853	2	50	67267	5
134233424	1	50	66821	0
255135514	1	28	40278	0
914946513	2	34	50506	4
178452970	6	21	32139	4
382073214	4	14	16032	4
1968679387	2	38	74626	2
1569782009	2	39	79363	4
959295930	3	23	44273	2
13258762	1	23	26938	4
885508551	3	10	15385	3
581825698	1	15	17102	8
389243931	5	8	14903	0
960356036	4	7	7217	8
189583961	5	43	80708	4
85463480	3	27	39108	8
870189527	5	14	14070	1
630935600	1	38	40131	4
140246526	1	3	2814	0
1034918512	3	3	4483	4
91184119	1	5	5135	5
1028237844	3	36	65729	1
1149079930	1	11	21140	4
918766895	3	16	29885	3
1577345280	2	31	55543	1
824524961	2	34	48771	4
535981114	2	34	52754	8
994006928	6	5	6997	5
913143824	2	45	58738	4
1607015734	2	13	22902	4
401002605	3	1	1040	2
1342254226	4	4	5036	5
1493429343	1	12	16696	6
1721587193	4	46	56586	8
155501532	2	4	6226	7
1953817901	5	31	45767	2
990664085	1	6	6390	7
1978307831	7	17	32773	7
1481365679	4	23	27234	7
592431749	2	11	13224	6
187637156	5	35	60362	2
159278429	2	23	42387	6
12033704	1	41	45272	1
1334673468	3	35	52516	2
1796827234	5	41	72228	2
1041359156	1	28	31895	0
232155718	5	10	11382	7
1438863887	5	47	90704	7
1013991400	3	28	39210	6
1378592886	4	35	66389	8
1564844030	3	43	66240	1
1932458284	3	15	20073	0
186503653	2	20	31373	3
13422926	6	45	60093	1
671252138	1	27	29487	7
835838600	5	37	57963	8
724579979	6	35	50030	6
1066379148	4	17	27941	0
1962441283	3	47	62991	5
949659984	1	11	21559	1
311133617	4	9	9396	5
1942371795	2	21	27955	7
1449102453	5	18	35188	8
98360870	2	5	6791	1
926927711	6	30	50540	3
198502352	2	44	77873	0
147817332	1	14	26107	3
126937696	2	48	77073	4
1734453446	5	34	51626	3
640969109	5	20	21201	2
1981915749	1	31	39964	1
455928097	4	4	6150	1
85403541	3	38	55044	3
937053706	4	47	79838	1
552662782	1	23	28088	8
413371338	3	50	63916	1
75333348	4	4	5233	8
1622242225	2	43	55307	1
1985951115	4	8	13548	0
17191720	2	32	51862	4
1738976415	4	15	29563	0
619949513	3	30	58679	3
364653975	4	32	44846	3
1897934830	4	32	60249	2
202755280	2	6	7171	0
625377550	1	24	35988	0
42925438	5	47	87792	3
17983485	1	30	57029	6
1361406141	2	25	29403	4
1933633364	1	2	2912	3
596962202	6	21	34769	7
1370399553	4	1	1076	6
1448607375	6	27	51431	1
105535556	2	6	8781	3
5945595	2	4	5978	8
489944003	6	22	42745	5
157653169	5	9	15395	7
25861866	6	20	35737	7
529107921	3	35	65201	3
1154652999	4	25	37011	1
570812092	5	29	30104	4
1277465283	2	14	24832	2
140928929	2	4	7875	0
1785748575	1	46	76018	7
1133685880	2	26	35915	4
1952215222	4	48	63178	1
27768271	2	33	55960	5
647984799	4	36	63460	7
128937896	2	2	3611	2
1232528277	2	50	63762	0
1812246261	4	17	22188	0
1039663967	1	4	7879	4
1877805335	1	19	35487	0
95550569	3	5	7727	0
1497192234	3	21	37142	7
687653778	2	25	43344	5
689863999	5	17	33234	3
1442739302	2	4	5269	6
803962905	5	34	46797	6
1069966997	2	19	38056	3
1774735025	1	26	40312	8
499407453	1	24	45358	0
1794959496	2	48	75575	3
580528053	1	28	28281	6
1550485049	5	28	30885	2
1959553513	5	5	10254	4
1652225223	1	19	24457	3
197824785	5	47	79983	5
1849037422	7	11	21866	8
60266027	5	34	31688	6
563973913	7	1	1353	3
1282918292	1	47	62006	4
591681674	1	24	27051	8
463673880	2	42	55161	6
736618676	1	35	57213	7
1953292887	5	1	1424	7
1673629879	2	8	11434	1
511201121	1	45	48200	6
43388901	4	41	54586	5
1927645284	3	38	70556	7
1984163455	1	16	24230	0
1272907291	5	31	40835	5
1337993800	4	14	25659	4
1716781679	2	25	43741	0
178086604	2	28	32594	4
362668770	1	21	25247	2
198772379	2	4	7187	8
1766409158	1	24	41199	6
1047239744	1	50	86386	4
310596066	4	16	15840	6
1517244240	5	14	24860	7
80462463	3	40	57698	1
1242376750	5	29	36575	6
1736668701	3	7	12177	7
1148094810	2	47	85718	7
896034620	1	2	3185	1
1939483949	1	35	71467	6
1103742886	2	20	27687	4
384663473	7	39	54773	3
1660866087	2	40	46083	7
277932798	3	39	67110	3
51567657	6	45	47751	1
1138036315	4	6	10900	6
1287566293	1	49	87452	7
1683318332	1	30	41979	7
1778822917	3	47	92114	8
1075362557	1	10	15435	2
489876500	2	25	48399	0
1776955247	4	19	33681	8
15284287	1	5	5996	7
806493158	2	5	8148	8
811416158	3	19	21320	3
1619829531	3	37	75627	1
18246116	1	27	41673	4
974222441	1	39	55357	8
131813182	2	4	4376	0
479357936	3	1	1882	6
522107221	3	49	56948	7
1337633764	1	1	1796	5
1770589576	3	21	23836	0
1681875736	3	27	33889	0
1291776714	4	8	9649	4
1682665815	7	25	33356	1
649934994	3	30	58739	8
65275288	4	17	21084	2
529142915	2	36	67208	1
1068169327	1	30	54684	4
443264327	6	25	31758	2
1348822422	1	9	17251	0
927595269	2	4	7007	2
181755679	2	36	39354	0
59373438	3	20	36858	1
1603945427	1	30	43631	4
617956808	1	14	24595	2
293129313	1	8	9930	5
799237445	5	26	49475	4
418939406	4	50	91744	3
296647171	3	33	52590	1
1049102441	2	16	30638	0
1673269843	1	33	45979	6
1745377055	1	10	16115	3
1555843130	5	36	59024	7
1513598905	6	30	42310	4
1876837684	4	20	35413	4
1120544566	3	44	46906	6
135286313	3	18	23783	0
1202082721	3	2	2456	5
1982835841	1	15	20719	6
1916791680	2	9	15936	6
600227541	2	6	5892	8
589058906	2	49	91331	7
800492558	1	26	26755	0
16498619	7	50	102549	1
293911894	1	22	29048	5
1439593960	2	41	82120	0
1086881199	1	7	11876	2
1283198320	2	14	18862	5
1309328472	1	31	60850	1
896354652	6	12	19495	4
1669932026	2	11	22659	4
190176521	1	1	936	7
1363091336	1	35	47085	3
873707371	4	10	13573	5
12901405	3	44	79811	7
651062625	3	25	26777	6
1397669767	2	23	41532	3
304315438	3	16	21782	7
1202142727	4	38	46899	2
742316739	1	31	37362	6
999802490	3	23	45539	5
675029	2	16	23512	8
699344947	1	25	47598	0
1350065007	1	20	20820	4
1951052663	4	39	46803	0
231308135	4	13	13690	4
1281823207	2	26	31464	6
1032833284	1	12	15435	3
990549055	2	50	52652	7
188276795	2	49	66849	1
174259927	7	4	5369	5
1421292130	7	25	29278	3
1747269761	1	31	55822	2
1374369950	4	47	69251	8
677337734	4	47	79934	2
1788241342	4	18	34250	8
1671184667	6	1	1185	6
1998829883	5	13	25764	5
590919092	1	23	24152	2
1088951406	4	25	47597	8
1644226939	3	4	5945	3
1598377383	3	1	1896	3
1767089226	1	6	10708	8
188376895	5	41	60039	4
676232636	3	16	25449	0
786398640	1	32	51764	1
178009527	3	12	13044	3
1328407867	2	10	18728	2
687888789	5	13	22838	6
710616076	3	29	29929	4
1088386369	3	18	33242	1
1719994517	7	15	31064	8
155868088	7	24	36037	2
130562563	1	35	55739	0
1249569981	1	15	29714	2
391419142	3	5	5400	6
121067109	6	22	22398	6
411506159	1	41	44737	5
498257338	2	26	46145	5
7213222	3	35	56760	3
280368037	1	1	964	1
1252072744	1	38	46823	5
1977652804	4	13	24215	2
1141096621	2	28	31446	6
1773804932	4	19	27690	3
1439913992	2	24	48839	0
890596584	7	2	2096	2
1136623663	1	20	33513	0
1709708522	2	4	8163	5
1699912508	1	20	41219	0
754432965	1	49	69503	4
418176826	3	18	31658	6
1841129149	7	38	45452	1
1860353590	3	31	34751	5
902903	1	29	52284	3
1675425091	1	35	56333	1
23952396	5	32	41516	6
458935894	2	17	31261	6
824967513	6	40	59139	6
1501005131	4	15	17251	4
1686888689	3	48	84320	7
1069191940	3	5	9629	0
582095725	2	35	40852	5
262188721	3	23	26316	0
152765311	6	1	1817	7
68134641	2	33	36370	0
1832638300	1	40	53850	4
187041206	1	22	35699	8
23727373	5	18	22938	1
799782486	1	45	88108	0
40349350	5	7	9025	5
1419011902	2	6	11657	6
624704977	4	33	47271	6
724397454	3	13	18348	0
1552207736	3	4	5100	6
7008788	4	23	24312	3
1945402098	1	47	76823	8
15004344	2	50	54652	4
946959714	1	13	21965	2
20749750	2	20	33394	6
1424064921	1	35	50694	0
529682969	1	42	80680	8
1039483949	4	15	29279	7
1409005929	3	19	36877	0
1002137744	4	45	54594	8
1749369971	6	3	6032	6
1233208345	2	20	26866	8
1538348865	6	29	54747	0
5916917	2	7	12753	7
343481858	3	41	52575	1
874302447	5	30	42522	0
1017459276	1	20	34934	6
12712216	1	16	25995	0
1076955226	1	3	5108	6
863498858	5	18	24036	0
1181023125	4	42	47044	1
32994504	2	22	42393	7
1883355890	4	19	27043	7
1380605600	2	24	26353	4
1992724311	6	26	35653	0
152614160	2	32	53331	0
1157798291	1	16	28716	8
1696404673	5	15	25644	0
473354848	4	49	62834	8
10608609	1	4	6074	8
64608961	1	17	23229	3
787791287	1	46	80857	8
821694678	2	39	44895	8
796919692	2	4	6682	4
192575133	1	26	43356	5
193183741	3	28	35733	1
1496504679	3	31	52689	6
1511893705	4	5	6200	7
799302438	4	23	43928	0
361993709	1	43	48813	8
786998700	1	32	53686	0
1114176440	1	24	34281	3
1300467586	1	18	19368	8
1607238272	3	5	8918	1
1736851237	3	20	35173	0
90690691	5	50	84034	2
1472794822	1	37	49071	3
1685861103	4	6	9927	0
110398399	3	37	52110	4
1845354536	4	48	77737	5
1837626281	6	3	5537	3
568269332	1	20	35656	0
1430855600	1	45	50763	2
1176945228	2	42	71890	2
467696770	2	28	48041	3
1310783592	4	49	54344	4
557755776	1	28	48461	5
116729176	1	17	26922	8
1209745999	1	31	61844	1
1153747886	7	33	45849	3
28461964	3	10	13894	1
1635493550	4	36	58051	8
1486596202	1	5	8538	7
1173339845	5	29	39159	3
1012751276	2	34	43393	0
60576058	2	13	12519	4
1658985899	4	6	11783	5
1790589059	1	1	1137	8
555788084	1	14	21469	4
213868893	2	3	3922	4
411798692	2	43	48167	7
19699470	4	6	11225	4
452187723	2	12	13958	6
1893176872	7	15	21094	4
1324159955	1	47	68028	3
515401541	3	34	50712	6
1431293130	1	18	21098	0
690919092	1	10	10600	0
1361071134	3	15	17146	3
260651070	2	29	28740	0
1294687005	5	35	52411	4
60320321	2	39	49932	5
226632664	4	46	72940	8
155353039	4	1	1450	2
738948909	1	4	7471	8
876802697	3	27	45027	3
7018202	1	29	46449	2
150162163	4	16	19394	7
664341447	4	19	26608	2
83453346	2	32	40106	6
1071487149	3	49	56601	6
800045021	4	33	32472	0
63643865	1	40	50814	4
315864090	3	22	33386	0
1657428259	2	16	28923	1
890264043	1	9	9135	0
1692906839	3	13	17670	2
1039031434	2	18	34324	0
1921944714	6	6	7717	8
480988099	3	23	24060	7
841296638	3	8	8904	6
104902992	1	14	19606	6
1870422079	2	21	23709	6
89248925	3	5	9164	8
1323664880	4	22	30763	1
335708577	1	44	66157	5
1880038004	1	11	12001	0
1059773508	1	29	57506	6
654685469	3	45	64505	0
626372638	2	24	38391	5
1890134050	1	45	49590	5
1747987316	3	39	73038	4
842874288	1	31	39409	1
185424461	1	34	51320	7
745829597	4	40	62263	8
339491459	1	17	32009	1
856965697	3	2	3363	6
1746569691	3	8	13845	4
339403941	1	2	3747	6
1924502451	4	20	30849	0
14255497	3	4	6386	8
770399547	1	26	26416	3
1919644484	3	35	71958	3
1090419042	4	38	39901	7
1153497861	4	34	46387	1
75417542	3	29	42007	7
358485849	1	1	1783	3
1196494672	3	49	81763	8
782325754	1	50	60511	3
1140594060	5	12	12876	2
796919692	3	23	38425	5
1184343457	3	6	8714	5
1080463067	4	33	34783	0
1512141215	7	12	15182	4
1787858786	6	22	41003	3
162591262	3	43	50535	3
1425605075	1	33	52884	8
1261338646	5	12	13909	5
1836833684	3	41	72433	6
1940656585	3	18	20863	5
1564516452	6	40	60298	6
1672814830	2	16	21572	7
99107411	2	6	10919	2
753925393	2	33	45123	0
349742484	5	18	34361	2
497779778	2	30	51803	1
148000515	1	45	47160	0
1176952718	2	47	80496	1
629815488	2	42	81647	0
974022421	4	39	54576	2
1107088242	2	44	75622	2
1795849585	2	9	14972	1
143188731	1	26	32010	4
828242825	1	32	57818	3
1999364975	6	21	42754	5
464016402	2	13	17516	0
200875092	1	12	12084	8
370609564	2	29	28914	7
1114451446	1	21	30585	1
791234138	1	12	13225	3
1407058248	1	23	40151	2
1595657111	3	38	61733	8
25994999	4	6	11519	4
391944201	3	6	6799	4
951957705	1	9	10711	1
994489449	2	7	10132	3
659363455	6	46	87488	5
1409518494	2	10	19919	0
1470739588	1	41	45922	4
350045005	3	39	36621	1
1341639190	2	40	47886	8
82742267	4	34	58641	0
1276842709	3	37	63332	1
1579537954	1	46	92503	7
1507953311	1	6	11074	3
410703575	7	12	12132	5
1587936339	2	18	33332	1
1580618062	5	7	7833	5
1645632112	1	50	81378	1
1550742620	6	28	31613	1
1708835918	3	18	35169	4
840866595	2	28	29962	7
1979542993	2	32	65662	4
1788301348	2	25	47720	7
967751794	2	18	31891	7
964623990	1	49	71464	5
1757888306	2	37	68959	2
65220233	5	6	7111	8
139008903	4	1	1813	8
122039707	1	25	27880	0
76027603	5	2	3019	0
223439850	5	10	12653	8
950615062	2	31	32737	1
60773578	2	37	36373	3
161996200	6	41	45722	1
273639866	3	21	27097	7
1669842017	6	11	22560	2
126447647	2	50	77832	4
144596961	2	21	28842	2
9003536	1	6	6150	5
1253925393	2	32	45356	5
478362845	1	30	53514	7
68589359	1	42	74123	8
704647986	2	49	70288	6
745502072	2	16	24392	4
282178218	2	15	17178	1
1057275728	3	46	79705	3
29062907	3	43	77782	4
608683375	2	6	10973	3
1002187749	3	48	58474	5
352552765	1	47	55941	2
1291134138	1	39	44542	1
556283144	2	31	49092	6
548549	2	34	49250	3
1719351936	1	32	64221	1
1529177948	4	49	96525	7
1261098622	5	18	20431	6
371674677	1	16	17666	3
1056945695	5	36	61188	0
711876202	2	49	56750	0
1842251780	2	34	44513	4
510888604	1	47	48836	6
1444619490	1	49	73767	0
445834584	5	10	15275	4
175711746	5	14	25013	6
173364840	4	30	37599	3
606175630	2	45	70992	6
1844046923	4	46	68466	2
1561883734	2	21	26127	5
864834008	1	17	24981	6
1034563457	2	8	11675	4
486481153	1	16	25546	8
1471244667	3	7	8197	7
261331138	3	40	42365	2
1341809207	1	46	55852	6
1165179029	1	35	53672	8
765649072	3	15	23108	3
605293036	5	14	20853	2
1420357064	3	4	4308	2
603267845	5	40	51452	4
73059581	5	45	46442	0
1185726106	1	6	9543	8
185793582	1	39	58405	4
262943801	3	25	30507	7
137745259	2	45	80223	3
1336276141	1	30	49818	2
142573116	2	7	11308	3
1690521569	2	36	40357	6
1715436578	5	3	4843	6
1715481549	3	47	76118	7
454302943	4	32	44013	6
120418419	1	5	7192	5
43431944	5	18	24739	4
914956514	4	3	4459	5
1721377172	1	7	8463	7
1908325871	7	1	1922	0
840686577	4	29	30509	5
1082895820	1	43	55783	6
1942244225	4	1	1318	7
138097611	1	18	20431	1
115626565	2	33	48627	5
1064438954	3	33	47831	0
1567906791	6	5	9233	2
770857086	4	5	5310	5
345502060	2	9	13360	3
438348843	4	27	48001	2
798957417	4	22	41247	6
1992049205	2	21	27367	2
376902697	2	9	14649	2
50947595	1	1	999	6
821822	3	9	15496	3
17820322	1	16	27805	7
1947639802	2	12	22293	4
615544061	7	22	33342	0
26997700	1	7	11211	8
1009285949	4	3	5786	2
379427943	5	20	37598	0
1585793610	2	35	57314	7
159015902	1	46	83577	3
472977298	1	25	31107	6
1340169043	4	20	21000	8
1659941027	4	40	82399	6
72899421	1	38	71131	4
631258138	4	21	22850	8
991159116	1	50	55705	8
295842087	4	49	74165	6
441261639	3	24	25682	7
752187726	4	13	15511	8
93816882	4	41	52905	3
1263533890	1	46	63450	0
1616681669	4	29	50160	8
836863687	2	34	56769	7
1253307843	4	50	67766	1
935748593	3	17	26648	4
6138114	5	19	28758	3
155853089	3	34	51019	1
898327357	2	18	32792	4
268096810	4	24	41659	7
1840404041	1	23	25852	0
1889686523	3	14	28797	5
1779935545	2	13	26922	3
1611723689	5	38	46860	7
948947404	5	12	22666	4
964163944	1	41	57908	2
356995700	4	18	29424	7
1430478076	6	26	28341	7
1112558789	5	8	10130	8
1581013132	4	36	41727	2
135298325	3	12	15999	5
1985533592	4	21	34682	2
823752376	3	1	1357	0
53066582	1	29	29552	4
1489858986	6	15	30509	6
1408165845	4	48	89126	7
1523189864	3	36	49331	5
1261093646	3	22	24972	1
288458846	1	11	19512	0
188091610	1	1	1179	0
673872400	5	29	39277	3
597667282	2	25	43144	2
1069939504	5	1	1999	5
1255928105	2	19	30734	0
1462796280	4	27	35782	5
1661368653	5	4	4808	7
113102636	2	46	51294	8
798539854	3	11	20161	5
350492559	3	31	30505	7
1182683291	1	8	10290	8
1692939294	3	16	21796	0
390826592	2	34	34716	0
937583759	2	41	71821	1
343169323	3	4	5001	8
1138616373	1	31	58120	2
1971247125	5	3	3663	2
1085736104	2	15	23723	4
1264118924	7	18	25873	7
35729736	3	30	49941	5
1664794028	5	46	71091	2
837686277	1	45	78829	6
873017302	4	34	43802	2
680118012	5	47	46013	6
224337438	4	11	14909	0
1519964512	1	45	92159	5
170505506	3	34	53567	7
78260768	3	11	13620	3
490406553	5	50	49452	5
1666376638	3	23	39183	1
43774378	1	37	47410	0
1137336245	5	11	19214	3
442049213	1	7	8037	2
691411648	4	32	35524	0
16255099	1	6	9675	4
1334103411	1	10	14434	4
793849385	3	12	16360	4
1518911892	7	17	33029	8
399522456	6	29	54866	0
345914592	5	7	10679	6
393291833	3	37	46927	6
1419291930	5	27	53214	5
137863377	3	19	36116	0
338556359	2	8	14310	8
199074910	4	14	25576	7
646549667	2	12	19423	0
913008828	5	50	64565	5
939996509	1	43	85698	2
1162061229	6	16	19555	8
582463257	3	49	59007	7
7250426	4	44	64966	3
960538563	2	19	19931	2
407153220	2	29	48015	4
538441360	4	19	34158	5
1934343435	2	47	71789	3
1494637006	7	29	43861	3
709518473	3	4	7687	2
1103487882	3	27	36675	1
85212229	4	38	45493	5
1470499564	4	2	2192	1
1132233224	3	16	19779	8
22885392	7	30	54236	8
266679170	6	45	71714	1
1508208366	5	17	31803	7
1540429073	3	29	31785	1
1838448881	5	47	90608	1
75712572	6	3	4435	5
1162408752	3	5	6281	6
1284858486	4	37	55998	3
1849337452	3	29	58519	5
1094634484	4	7	10307	3
758528360	5	24	43868	6
573074823	1	43	54364	0
400362541	1	38	37089	0
330835587	2	32	32514	2
1693281845	4	6	8383	0
1643396856	1	48	67359	0
1543044305	3	26	35315	5
1880218022	6	20	22180	0
127967799	2	45	76895	2
75631646	2	25	40165	2
430043005	2	1	947	5
1419901991	5	25	50799	4
235746077	4	29	43429	3
1968001839	5	14	26555	7
325955099	5	20	30551	7
198029549	5	2	2254	7
1178905424	3	36	68684	4
577045220	3	2	3323	5
1747187236	1	48	86050	2
1902962816	6	10	13862	0
1882438244	5	17	22631	8
138588861	3	25	44296	7
739131435	2	23	43398	3
176737674	7	13	20678	6
1220907115	4	13	14457	4
840211546	6	20	20100	5
675068	2	6	5802	4
1210241025	3	35	36575	4
35323330	1	27	33974	1
799952503	2	4	7899	0
722277242	1	7	8394	4
133418958	2	32	46445	1
1075182539	2	2	3051	0
1672124761	4	49	62681	0
276035110	1	39	59693	6
1436106125	2	34	56222	1
797224737	6	28	47648	2
1660188535	5	30	32520	6
1138063807	2	8	14558	4
1789168917	2	50	99745	7
12258726	3	1	1126	6
738331355	1	49	88534	7
82568257	4	8	9314	8
1116259159	4	11	18002	7
293394344	2	22	27903	7
1824975016	4	33	52123	7
1034648485	4	41	60165	2
174627463	6	11	15174	2
175567602	3	22	36136	4
482103219	1	6	6949	4
115139017	2	43	61253	3
643516858	5	45	59190	2
537271243	2	46	77313	6
645864587	1	20	31011	6
1327247751	7	3	5270	5
1963441383	4	10	14403	7
867431760	1	24	41513	6
1570417042	3	8	8784	1
1301297669	1	32	37091	7
257588261	4	9	15153	6
1335336047	1	48	75193	1
1233145827	3	20	26746	0
721859707	1	11	12728	0
410188531	3	49	46991	1
1313703884	5	25	35034	0
292626769	2	6	7147	6
1127172718	4	40	69188	4
1984385996	1	21	32265	6
33438344	3	47	58577	8
1598219822	3	31	58305	0
1166139125	1	23	37481	8
1329365450	2	21	41347	2
1007013212	1	34	57857	8
1062818792	2	14	18021	3
1708623380	3	2	3865	8
82283229	3	11	12498	7
982973316	4	6	7771	6
1304207960	1	46	66719	4
1504395470	3	14	20852	4
924364946	3	18	25711	2
1584626008	2	2	3040	1
467591768	1	7	11940	4
1120849618	5	46	50419	3
817229247	5	40	68148	4
407978310	1	14	24329	4
113149683	2	16	18594	0
475737574	6	17	25849	7
1045427053	2	22	34023	5
1685356084	1	23	36881	0
1960383596	1	9	10206	5
1176407641	3	39	64647	4
1269989511	2	50	101249	7
660311044	2	18	17946	5
1846757194	1	46	80944	5
1082223243	3	14	17223	5
306225629	2	19	29499	3
1585018502	5	9	14035	7
812001201	1	43	50791	2
103336867	2	46	61609	7
1587293760	4	48	85810	1
119446947	4	36	66813	0
44934494	1	25	34937	3
611573664	1	46	51434	2
886443661	2	8	13061	1
1046549675	3	5	8293	1
1389586498	3	23	45929	2
1262513788	1	32	40872	5
1192049205	2	50	61160	5
1592811797	3	33	44229	3
1000272538	1	3	3081	7
982348235	4	25	30805	8
837501275	1	19	32941	3
1638861435	1	43	83844	6
569864502	2	37	71890	2
860011018	3	22	21714	3
1386368637	3	41	68659	7
1370584598	5	43	47087	5
1533388369	3	18	25043	3
1569852016	1	37	75553	6
1163563890	5	7	9606	1
742624263	2	34	42032	6
140764077	1	10	9900	1
1460088523	6	19	20026	1
1909213441	3	37	74441	5
1354988012	3	24	36803	5
1147102244	2	27	46567	5
110223524	4	38	35454	3
450612574	4	8	8048	7
685583571	1	46	70221	3
1907538311	3	45	82968	8
846534654	2	42	68781	2
70912913	3	42	79082	1
1973052344	3	33	46275	8
899204937	1	29	55387	2
1706375672	4	29	49521	8
1427607789	4	27	48674	6
185886923	2	33	65072	4
1218846909	6	31	59082	6
173323875	3	38	53060	0
1591616707	6	30	36604	8
1797772295	3	31	57559	2
1067194250	1	2	3451	8
1812988853	6	21	28965	0
158387903	1	4	5781	8
1692931810	1	21	28608	7
804202929	2	44	61618	7
127938451	4	6	11795	0
393864393	3	38	50364	8
172687269	3	35	41484	2
1281913216	1	18	21945	0
1583925938	4	9	13053	0
304297939	1	37	50298	8
1688363869	3	3	5714	7
1652377754	2	49	63809	3
909263436	5	22	42172	5
1396662180	4	8	13645	0
640714072	1	31	32087	2
865806581	6	1	1566	3
666616662	4	41	66734	5
8507693	1	38	40320	3
962511270	3	49	61115	2
1784658466	3	18	27782	6
183615865	6	38	48615	2
1187293752	3	42	73404	3
524689984	4	24	34091	4
1698619862	7	13	25101	2
799002408	1	10	18799	4
441036608	2	2	2094	1
1135418564	5	39	60627	7
544264427	2	17	23467	2
64111412	5	23	30300	3
193237795	7	37	49218	2
18009596	1	38	44653	5
92416742	3	37	42558	5
1576465192	3	16	27258	2
1952632821	1	33	44822	8
1487923821	1	6	11044	3
1046229643	3	21	34159	0
685103523	1	39	57661	0
771564678	2	31	35127	3
1494797022	3	16	24455	3
569616962	2	45	86308	7
124429946	1	16	21671	6
639228935	2	28	52805	1
1667769293	4	3	5528	5
1178107811	1	44	80423	3
1928185338	3	12	22929	8
1016221623	1	14	22730	1
1889536508	7	16	32671	4
124971	1	41	57789	5
1839536472	3	41	83514	6
298789879	6	20	36157	4
563053821	1	13	16396	2
1890269027	2	10	11150	3
476647665	4	2	3223	8
1811041105	5	13	15406	3
247097212	3	20	32674	8
433225827	6	26	32898	0
25817822	3	27	47055	1
971872206	1	17	20131	5
883063323	2	7	9060	4
1416494164	3	20	33812	8
328075311	1	12	20877	8
749747482	7	30	58469	1
1565701601	1	6	9759	8
416471648	4	6	9531	2
1248489873	3	20	37456	2
445517056	3	3	4486	5
46014602	1	18	27100	8
161236124	4	33	34290	8
913291330	2	49	64695	3
1723172318	2	31	43068	2
5502132	5	27	26352	2
887848785	3	1	1772	8
1994339434	2	38	58232	3
1624124929	1	27	39809	3
36518652	2	45	69959	5
1214248961	5	26	37580	7
754748	4	48	69817	6
22811318	2	41	71086	4
215981599	1	43	65342	7
251582665	4	30	32494	0
1553327848	4	35	48556	1
1320454559	5	45	48466	8
1071859696	7	33	39341	1
640886595	2	23	24197	8
50007501	5	27	24435	4
160437438	5	2	2994	3
1117026725	3	39	66834	2
1722819833	1	28	37891	2
1128835395	6	28	53084	2
458865887	4	43	78770	8
1632575774	6	8	10562	2
576975213	2	1	1654	7
11752941	2	19	29383	6
829932994	7	28	55327	4
767171732	7	9	15243	2
327262727	2	23	38150	3
938343835	2	12	21933	5
510881089	1	24	24937	6
828302831	1	29	52572	0
1228122813	6	6	11008	6
1065769087	3	27	42729	2
1849194920	4	36	72140	4
1698259826	1	28	53054	0
711611162	1	2	2264	7
436183619	1	3	4684	3
1306938233	5	45	77566	5
1245129537	3	17	26120	8
1646707187	6	16	27754	0
822912292	2	9	11459	1
1339121452	3	49	95349	8
561553671	3	44	48890	2
647977304	1	3	5285	0
73112634	3	30	32553	3
290894094	3	30	30542	4
197934454	1	40	81277	8
277187719	2	43	70765	2
43456969	5	18	25190	3
1163763910	1	12	16708	2
98417342	6	50	87542	2
619889507	1	4	7799	6
600742581	2	25	25851	4
1148477359	2	37	68888	3
848829899	1	50	93344	1
1384921006	4	41	62750	7
33195705	5	50	56409	8
1242134214	2	14	17320	6
20290291	1	48	58093	3
1659643513	5	17	34509	8
75940955	2	14	26823	8
1553077823	2	21	28608	5
1177135247	2	49	84804	5
1871772214	5	48	60680	8
1325375051	4	22	34529	4
25948953	6	13	24361	0
1351912731	3	28	34333	1
243089313	1	35	43130	4
73344835	2	27	33515	8
1680323065	6	13	14300	8
971007101	2	35	38398	2
