22492 31810
21423 29445
24708 27064
3811 31860
9611 13981
18224 23777
10840 16701
8888 12852
7898 14535
20220 30671
7323 19067
3091 30545
12405 13216
11755 32973
24212 33475
6436 7393
3580 4839
21475 22628
4208 33749
14765 21117
3251 24978
12623 26164
23768 24909
13604 22307
3440 32479
29182 29962
29178 32411
7124 20244
11359 28041
3095 6906
15521 33516
11193 34294
4501 25151
26480 26875
3831 16737
4215 13795
30504 31876
32105 33303
20745 30611
2340 18584
11309 25267
9859 25802
16061 24218
16951 17546
22249 32468
5358 26495
17826 31807
2181 16614
19469 34389
7728 17885
4064 9989
18539 28013
24081 27065
3894 33729
10555 20526
15807 18811
23258 30188
3791 8634
23136 30572
9826 14461
7259 17062
4143 8589
8845 24630
29106 31094
7044 32376
21869 23218
6901 15720
28211 32864
8058 32407
7893 33285
16468 22185
16564 26110
12900 26893
11863 15702
25525 26286
10300 27381
22570 31997
25893 31946
30038 32590
19237 20913
10494 22293
17784 20505
3068 4403
12894 27164
10254 23010
8253 28636
6684 9643
2279 14635
5984 30959
9601 17447
16481 23339
4091 19375
3350 8837
20536 28605
7589 17486
11807 20039
4038 33360
13211 22966
4798 13069
14098 19566
