5961 21141
13324 19623
29078 32570
20864 24373
1865 32027
12780 17516
4834 27403
9246 19233
21655 23373
10231 24442
13733 25757
10513 26461
7949 23371
17192 19620
2867 17138
18083 22187
8894 16500
15923 27202
14435 20611
10579 21584
1060 31290
27448 30577
21814 24212
16101 25604
11598 18928
25405 32679
4005 5483
8398 29322
8544 21068
23468 32809
3516 25908
9094 12628
10444 11825
12104 14878
15639 27009
20300 26824
2087 23763
21448 30701
22158 30880
7426 26210
24061 26345
14654 18656
6279 23627
2056 30165
10189 15535
5665 12302
6070 21477
3768 19349
16649 31206
7758 18534
13977 20478
7047 26291
3806 23819
9603 23848
945 10011
1888 14718
24012 27841
20964 21097
20287 29435
5486 14529
18905 29341
23955 24184
17799 18768
2233 12577
3459 28469
3555 28077
2112 21842
3955 9936
19406 29453
9449 27600
9837 29414
21538 28517
18943 26596
16140 33174
7631 8232
14747 32993
4158 21262
5783 19459
11133 32727
18648 28373
9696 23591
22365 25549
22758 32597
2934 23274
2134 31018
5657 8442
2940 23030
13658 30263
8491 31597
1423 32958
1545 2734
19829 25472
17139 30137
14118 24548
13136 21618
7643 12829
10621 32528
11030 17820
10488 29257
25162 31351
7949 12410
30497 30661
24967 28755
19847 33699
18638 23438
27587 28859
3251 20090
9331 13143
18231 19728
11972 16328
4665 20632
15787 31041
8173 9742
19815 20977
21372 28631
12345 27485
16199 32091
8487 18492
15878 23350
1104 16436
3952 19311
8024 17165
1748 12084
17187 18952
22766 27871
5796 8108
9946 19543
22153 33326
13921 29086
14215 19140
10108 15783
4370 19453
10007 11624
8933 27860
12080 16150
9252 10665
25147 26518
1070 27396
15733 29828
27770 31437
4826 33300
9871 19702
7990 18523
26958 28733
8524 29438
8389 27640
9568 26623
17021 20702
7541 32091
1834 31727
6174 25483
13065 14893
4043 25366
11280 26116
27152 28061
12473 33687
6154 10575
27213 30992
8390 17884
5362 32932
8222 10350
28662 31207
19470 29866
28198 31366
3046 32604
17474 22642
3950 21671
9446 13834
25897 27287
12953 24484
18516 24451
7238 24111
7769 25703
14688 16806
16627 20002
19202 22023
9021 22328
1973 29989
32047 32432
22549 26395
2453 4084
3987 24102
6854 10100
4514 30086
21121 32669
3847 24532
10371 29346
4214 26479
15434 19592
1872 24674
5408 25208
21166 30053
9168 13284
25337 32236
5268 7917
4871 7698
13867 31526
17324 31659
20891 22316
13607 25834
3482 22034
10589 13762
1424 7352
14842 26839
3615 27935
16454 20040
19213 25551
8709 27873
9979 24320
28853 30841
5252 16333
13157 23856
21252 25417
6253 31314
11896 29685
1150 28508
11847 14288
21255 32562
3621 6092
3280 7322
30478 33447
9644 26401
19503 28514
12008 33481
19716 22005
2302 6119
23205 26713
8951 17631
13077 20759
20433 20815
13789 31744
17449 26761
17613 28229
10175 18329
3434 31076
29959 31959
7745 32167
23221 23785
2465 4806
14090 28057
19926 30343
8681 10576
5016 18591
7086 23899
2999 25318
6764 16705
4715 16218
14677 23414
9209 30804
17885 20434
9515 30821
19192 20325
1703 27357
11468 28517
18914 32299
14225 23645
10252 20427
8485 16951
12435 17435
19950 28787
5976 10746
10275 17263
11381 18530
13096 33067
13315 14195
24729 31697
14368 33478
7422 23580
10509 22831
13614 19080
11614 32728
27901 30403
6684 10494
3074 4219
8784 14017
6191 20958
17440 31705
3617 9184
3381 30860
9521 9803
9986 15163
5158 32406
10659 32224
14633 25368
25800 26871
8098 16314
22701 23009
20201 24930
14654 27284
9443 15592
3640 16345
11720 14452
17462 25101
4170 14305
26018 33170
23406 30470
17530 30169
23196 25911
1567 7668
3849 15100
19705 32451
1123 27634
18100 28691
8050 11850
9723 27064
25657 29247
15401 21558
25848 28712
3523 6686
13234 19341
11716 17947
7584 23499
17299 25045
8046 33651
3883 23069
11938 20978
26955 33434
12779 28132
5278 31732
5936 12566
13530 16272
1859 20080
7789 13883
16949 20146
5522 23278
10827 13856
11472 20900
9827 33328
8052 11704
22322 23522
4269 5926
3294 26945
17733 20644
17850 19777
7797 28711
8161 17463
18756 28259
6858 22497
20872 30231
10969 33001
10720 31219
10590 33669
8280 12617
12693 20102
5958 15370
1258 6834
1613 33301
17059 22067
2312 8303
1488 8504
12121 18496
10939 29350
3870 10237
30971 32661
5262 31076
6887 21754
8392 15552
27298 29490
3933 8379
25779 29567
9041 11824
1280 19115
15348 28594
3291 33294
4079 28241
2510 26459
1884 33497
19911 23180
1940 16611
27246 32806
16843 33416
3970 20466
6042 6583
19813 22282
26627 27780
3233 13417
11099 11799
6107 19093
20613 22986
19565 27163
3456 22132
5544 10466
8018 24017
28048 33676
15645 31820
8139 25627
10877 21748
19800 26451
2797 8176
9252 17855
11895 17192
12854 20634
6638 23267
19768 25059
12397 25760
1601 8098
13407 28132
2177 3038
15722 16808
8625 31293
2516 17870
18789 28240
3957 15494
9572 15442
7817 12114
4442 15879
20446 25138
14428 25948
18706 23614
22876 27520
6931 22909
18411 25407
6042 24898
2988 9256
6601 7400
11297 22741
22575 28835
19220 26143
1578 10361
15926 21134
9908 28488
16915 27655
20320 26922
23034 28661
6319 19439
8474 18888
8222 10601
7229 12367
17326 23491
16113 18218
19865 29976
6374 10113
7511 15698
26014 28144
17287 24719
13246 28745
14741 15707
15800 22917
12198 28695
4014 26616
10942 31148
19781 21273
14701 21303
24153 27106
5519 12322
5658 11850
5119 9667
3019 3749
4723 8291
2752 12087
2630 5826
19420 27089
11026 12629
25674 28591
30552 33537
2877 17359
24819 28018
13797 26267
19462 25231
4640 33349
2174 2765
22765 30450
16165 27503
6101 32620
13484 16991
20046 26961
7703 29710
16848 22039
11291 32246
10081 15902
8688 12573
19616 25523
1640 15831
25062 27794
9778 29145
2624 21755
11339 31653
8841 9012
17203 22693
3417 26033
17706 32717
7763 14688
7816 15768
24706 29795
3088 12174
6198 27848
16621 27549
13633 32361
26551 30705
2545 21381
10323 33124
13155 23433
12047 27712
5751 25781
7019 28880
19832 21634
18708 26933
8383 15527
11099 12364
5851 6141
28002 30555
18962 22935
14721 18431
16753 26575
30854 31177
15746 27432
15108 33091
7782 9029
9414 22613
7203 24889
7333 21963
1479 19068
2450 17183
5812 11571
9531 16432
10284 30657
6394 22566
962 26346
4911 12657
1862 4609
25064 25598
23051 27961
19832 21236
4794 15082
9122 12639
12423 24823
7628 8026
2731 22376
1556 5070
23428 25314
1711 16238
8249 14877
18399 23702
7073 8088
28180 29316
17292 32865
6471 33493
1621 33310
3371 4522
20952 28466
16512 25137
15977 30298
21910 32118
10318 19277
14573 24219
15257 31865
5612 11391
3948 14552
17304 30421
18186 26487
3603 10758
12505 28810
19336 25368
13889 15656
31410 32130
4595 20505
4726 19303
19109 20916
8193 29394
1887 20908
3610 11581
8001 13531
13245 25417
6413 29400
2477 23819
1191 4364
13333 29117
1576 23473
15674 29161
19788 31240
8336 17576
18067 26693
12557 17703
19566 26884
25412 28647
18703 21892
1665 27771
28738 32114
6122 24756
2823 29796
2399 19366
5671 25558
1731 30130
8271 19760
18323 32706
8669 22920
7875 30669
27184 29554
26571 27545
9198 33102
2055 23230
9125 25789
13039 28984
8966 29957
13690 24169
18508 27833
14842 28428
18578 21505
12485 21996
26015 32485
19374 19768
22693 26151
18299 28018
5079 18625
7911 13883
20299 31133
3421 31473
939 3839
12047 32122
18015 22512
6671 29557
5518 24915
3431 28932
10383 19987
9843 24770
1491 6470
16737 31781
5484 25421
25221 32378
4473 16496
20450 33590
21219 25282
11435 21966
11132 17949
11114 13929
10092 23620
11492 21839
17787 33207
29757 29860
6376 8307
18787 28496
15618 28781
5904 12245
6585 11938
1893 11281
2787 4322
7242 32945
6441 8061
4573 30233
7263 29954
1324 3207
11647 21986
12494 21969
8313 16302
9496 20226
3449 16500
8527 11402
1884 20569
23681 25138
5906 28114
4891 10727
1607 18967
14074 17277
6613 15682
9006 9284
14349 24099
5868 27374
14776 22230
16955 25916
3477 9819
20039 21887
7834 14063
9006 20009
3674 4031
16128 26527
5507 10240
12710 21677
21750 26861
15301 28538
1617 18394
2649 23878
2249 21358
4904 23760
3416 18706
6195 20793
12454 15383
1179 28411
4763 5829
3498 14390
18865 28446
4932 25878
17596 29867
8654 28234
11292 15975
7599 18771
7949 29699
16590 18015
15067 15563
1468 3073
18683 28456
23999 27503
28486 32119
3859 18469
27207 28762
9065 17079
1629 4519
10570 31818
4998 25659
8071 13180
14162 23837
24931 31756
23637 30370
21102 27231
22124 24129
7590 30514
24978 28504
2439 12774
20406 32363
1871 13070
22210 23481
11027 14775
4452 21125
6693 32217
17577 27416
22756 26335
5279 7481
17162 29485
7342 22115
6861 31840
5785 32995
20200 20499
10483 19196
1320 10161
3659 21710
9085 23863
22714 22885
23867 28497
3219 28699
14104 31278
25003 28397
1246 14889
8629 20279
17100 20030
6678 30325
9876 30314
1946 21673
8431 11494
13970 30160
15355 17958
17438 29111
15259 19028
10001 27563
16075 24909
9834 21528
2864 16365
1114 32026
14067 31372
1024 13276
9424 24776
3860 29060
1642 18053
12155 18358
22754 24115
4213 11518
2128 4007
8216 26734
15405 24976
24712 25853
27688 28148
20830 23609
5610 8521
11767 29582
13036 15602
12533 29667
12883 28991
24693 28658
20154 20216
2359 2881
26755 32745
11603 29951
23860 26069
24634 29983
16259 21578
29413 32961
7993 19984
16555 23920
23214 25737
5197 13232
5562 13591
968 2631
29760 32357
1655 16049
6374 25872
1507 4707
1116 25390
17106 19292
10204 10285
5221 14876
17308 26676
8177 24161
1314 16173
6647 29256
1051 8384
5860 11558
16387 19205
15512 17691
13448 15868
9227 14335
21392 32987
15747 24905
5078 7753
11098 16607
16207 17494
2552 21557
8197 33138
32116 33091
7716 9146
9654 19069
11944 29477
11354 28804
11967 17014
19257 31417
8859 30787
19496 32278
10111 22593
30942 33627
22223 26380
9555 14926
11257 28309
9113 33523
19171 23948
20689 30006
19872 29446
14485 16785
26832 32495
12277 25010
18002 28596
22633 32917
8478 14916
11776 20213
9515 12667
18110 30210
30198 33400
21285 28786
21693 29879
6118 27113
28171 32353
6257 17662
13383 24336
11901 25550
16412 24643
14334 24984
16324 19048
8051 20883
15010 24863
12593 26667
18295 24662
15721 26404
7612 10699
15160 28691
1212 14411
7768 25551
14500 22646
1933 32405
15553 18399
1876 20858
6311 21687
9331 16233
18462 20026
9502 22298
1110 14165
5013 26898
5658 9163
1832 10410
2384 32647
6649 18421
17836 21578
13711 15410
15319 30293
1988 12684
21943 33147
16094 26372
5411 21320
1707 20732
31441 32871
19988 21172
8462 29123
6921 8442
19981 32145
12413 25155
4496 32895
8939 18370
10851 21135
4308 16892
3616 21809
3542 6737
21485 29137
5491 29762
1624 7392
18600 19328
21462 32167
5992 9595
10863 18033
13345 28799
9208 28592
6275 8450
18891 26386
5042 27912
14958 16446
26644 30575
13968 31143
17412 30675
1974 31548
19949 32395
15109 27758
3793 25020
18662 24816
11964 14334
2532 5031
17619 30429
20609 28721
7846 10669
18580 25182
18710 20016
8066 32848
17576 17762
3221 4093
12011 26279
4623 10096
12850 15401
14355 16059
6778 24976
11720 24365
5054 22718
8106 14551
7896 8073
4179 26907
9421 30347
4093 11777
26016 29663
6974 21976
5326 26567
2813 6418
14336 22150
3971 31890
17212 25682
15146 20430
11596 20608
12675 18950
3531 18064
10794 12103
16365 25080
9236 14454
5605 12512
12406 28475
4546 6357
29927 30271
13632 25619
1306 13637
16857 30220
4776 33467
27858 31599
1913 20007
12951 17006
9457 18769
27177 29276
8136 12357
4463 33275
12362 20589
10755 27846
14417 17769
4288 5373
4696 28763
10656 20693
4059 15191
25080 30949
29278 30141
4362 18330
16081 33190
17287 21852
4734 17233
2593 28938
5592 20012
12665 18088
5792 24069
9833 26925
11700 20503
2151 5560
18386 23706
6358 22870
18800 28872
11897 18981
9686 26901
5266 17493
16473 27860
23064 32383
18226 21423
25339 31618
19587 26754
8562 19400
6533 9599
7595 20400
21583 26948
7773 32915
13054 33285
15579 19914
8554 16822
18992 32810
5885 30088
6050 27032
