12995 17206
17087 20829
2109 10053
1620 21665
1915 13593
5607 15211
11595 25859
3609 11491
28197 30823
29784 31266
7949 9398
5219 13120
5686 14881
1453 25619
4342 20606
1299 9217
6188 22840
1240 28463
14630 22596
17613 20194
11617 16824
9305 30614
8992 25099
3796 21560
4550 32272
26446 29051
27340 29155
9884 28256
13435 22903
4451 25667
6094 20892
2773 6580
7524 11607
25085 31305
8404 12402
3538 14112
3368 21583
16154 33041
5957 31329
5583 26339
18918 20609
17862 25535
2250 22939
12772 28307
15552 33023
10919 13725
3595 27340
5232 6587
18766 32097
19609 27250
17134 26582
10041 24759
11754 18548
19058 27588
29837 31971
12618 24019
1579 16577
10504 32212
1865 17742
13216 27555
23987 24761
7718 24483
15510 18644
5774 21150
14105 27352
15022 27604
1505 19380
1247 10488
12859 22084
16043 28567
2850 19224
25559 30119
5079 14909
4260 15964
17641 17931
4432 27970
27145 31905
27710 28202
7043 24914
14870 30372
13758 23408
10098 23915
13170 15863
23373 25740
7486 19784
10252 26739
11401 15657
4849 16405
24005 33486
4374 18186
14330 19760
12139 13351
977 33113
2388 12537
4122 13484
1771 4379
18642 30791
6604 19073
18890 25638
10013 22535
